  -5.000  -0.7092   0.00000  -0.00807   0.0096   0.0000   0.0000
  -4.900  -0.6947   0.00000  -0.00784   0.0094   0.0000   0.0000
  -4.800  -0.6803   0.00000  -0.00762   0.0093   0.0000   0.0000
  -4.700  -0.6659   0.00000  -0.00741   0.0091   0.0000   0.0000
  -4.600  -0.6515   0.00000  -0.00721   0.0090   0.0000   0.0000
  -4.500  -0.6372   0.00000  -0.00702   0.0088   0.0000   0.0000
  -4.400  -0.6228   0.00000  -0.00683   0.0087   0.0000   0.0000
  -4.300  -0.6085   0.00000  -0.00665   0.0085   0.0000   0.0000
  -4.200  -0.5941   0.00000  -0.00647   0.0083   0.0000   0.0000
  -4.100  -0.5798   0.00000  -0.00631   0.0082   0.0000   0.0000
  -4.000  -0.5655   0.00000  -0.00615   0.0080   0.0000   0.0000
  -3.900  -0.5512   0.00000  -0.00599   0.0078   0.0000   0.0000
  -3.800  -0.5369   0.00000  -0.00585   0.0077   0.0000   0.0000
  -3.700  -0.5227   0.00000  -0.00570   0.0075   0.0000   0.0000
  -3.600  -0.5084   0.00000  -0.00557   0.0073   0.0000   0.0000
  -3.500  -0.4941   0.00000  -0.00544   0.0072   0.0000   0.0000
  -3.400  -0.4799   0.00000  -0.00531   0.0070   0.0000   0.0000
  -3.300  -0.4657   0.00000  -0.00519   0.0068   0.0000   0.0000
  -3.200  -0.4515   0.00000  -0.00508   0.0066   0.0000   0.0000
  -3.100  -0.4373   0.00000  -0.00497   0.0064   0.0000   0.0000
  -3.000  -0.4231   0.00000  -0.00487   0.0062   0.0000   0.0000
  -2.900  -0.4089   0.00000  -0.00477   0.0060   0.0000   0.0000
  -2.800  -0.3947   0.00000  -0.00467   0.0058   0.0000   0.0000
  -2.700  -0.3805   0.00000  -0.00458   0.0057   0.0000   0.0000
  -2.600  -0.3664   0.00000  -0.00449   0.0055   0.0000   0.0000
  -2.500  -0.3522   0.00000  -0.00441   0.0053   0.0000   0.0000
  -2.400  -0.3381   0.00000  -0.00433   0.0051   0.0000   0.0000
  -2.300  -0.3239   0.00000  -0.00426   0.0049   0.0000   0.0000
  -2.200  -0.3098   0.00000  -0.00419   0.0047   0.0000   0.0000
  -2.100  -0.2957   0.00000  -0.00412   0.0045   0.0000   0.0000
  -2.000  -0.2816   0.00000  -0.00406   0.0043   0.0000   0.0000
  -1.900  -0.2675   0.00000  -0.00400   0.0041   0.0000   0.0000
  -1.800  -0.2533   0.00000  -0.00394   0.0038   0.0000   0.0000
  -1.700  -0.2392   0.00000  -0.00389   0.0036   0.0000   0.0000
  -1.600  -0.2251   0.00000  -0.00384   0.0034   0.0000   0.0000
  -1.500  -0.2111   0.00000  -0.00380   0.0032   0.0000   0.0000
  -1.400  -0.1970   0.00000  -0.00376   0.0030   0.0000   0.0000
  -1.300  -0.1829   0.00000  -0.00372   0.0028   0.0000   0.0000
  -1.200  -0.1688   0.00000  -0.00368   0.0026   0.0000   0.0000
  -1.100  -0.1547   0.00000  -0.00365   0.0024   0.0000   0.0000
  -1.000  -0.1407   0.00000  -0.00362   0.0022   0.0000   0.0000
  -0.900  -0.1266   0.00000  -0.00359   0.0020   0.0000   0.0000
  -0.800  -0.1125   0.00000  -0.00357   0.0017   0.0000   0.0000
  -0.700  -0.0985   0.00000  -0.00355   0.0015   0.0000   0.0000
  -0.600  -0.0844   0.00000  -0.00353   0.0013   0.0000   0.0000
  -0.500  -0.0703   0.00000  -0.00351   0.0011   0.0000   0.0000
  -0.400  -0.0563   0.00000  -0.00350   0.0009   0.0000   0.0000
  -0.300  -0.0422   0.00000  -0.00349   0.0007   0.0000   0.0000
  -0.200  -0.0282   0.00000  -0.00348   0.0004   0.0000   0.0000
  -0.100  -0.0141   0.00000  -0.00348   0.0002   0.0000   0.0000
   0.000  -0.0000   0.00000  -0.00348   0.0000   0.0000   0.0000
   0.100   0.0140   0.00000  -0.00348  -0.0002   0.0000   0.0000
   0.200   0.0281   0.00000  -0.00348  -0.0004   0.0000   0.0000
   0.300   0.0421   0.00000  -0.00349  -0.0006   0.0000   0.0000
   0.400   0.0562   0.00000  -0.00350  -0.0009   0.0000   0.0000
   0.500   0.0702   0.00000  -0.00351  -0.0011   0.0000   0.0000
   0.600   0.0843   0.00000  -0.00353  -0.0013   0.0000   0.0000
   0.700   0.0984   0.00000  -0.00355  -0.0015   0.0000   0.0000
   0.800   0.1124   0.00000  -0.00357  -0.0017   0.0000   0.0000
   0.900   0.1265   0.00000  -0.00359  -0.0019   0.0000   0.0000
   1.000   0.1406   0.00000  -0.00362  -0.0021   0.0000   0.0000
   1.100   0.1546   0.00000  -0.00365  -0.0024   0.0000   0.0000
   1.200   0.1687   0.00000  -0.00368  -0.0026   0.0000   0.0000
   1.300   0.1828   0.00000  -0.00372  -0.0028   0.0000   0.0000
   1.400   0.1969   0.00000  -0.00376  -0.0030   0.0000   0.0000
   1.500   0.2110   0.00000  -0.00380  -0.0032   0.0000   0.0000
   1.600   0.2251   0.00000  -0.00384  -0.0034   0.0000   0.0000
   1.700   0.2392   0.00000  -0.00389  -0.0036   0.0000   0.0000
   1.800   0.2533   0.00000  -0.00394  -0.0038   0.0000   0.0000
   1.900   0.2674   0.00000  -0.00400  -0.0040   0.0000   0.0000
   2.000   0.2815   0.00000  -0.00406  -0.0042   0.0000   0.0000
   2.100   0.2956   0.00000  -0.00412  -0.0044   0.0000   0.0000
   2.200   0.3097   0.00000  -0.00419  -0.0046   0.0000   0.0000
   2.300   0.3239   0.00000  -0.00426  -0.0048   0.0000   0.0000
   2.400   0.3380   0.00000  -0.00433  -0.0050   0.0000   0.0000
   2.500   0.3521   0.00000  -0.00441  -0.0052   0.0000   0.0000
   2.600   0.3663   0.00000  -0.00449  -0.0054   0.0000   0.0000
   2.700   0.3805   0.00000  -0.00458  -0.0056   0.0000   0.0000
   2.800   0.3946   0.00000  -0.00467  -0.0058   0.0000   0.0000
   2.900   0.4088   0.00000  -0.00477  -0.0060   0.0000   0.0000
   3.000   0.4230   0.00000  -0.00487  -0.0062   0.0000   0.0000
   3.100   0.4372   0.00000  -0.00497  -0.0064   0.0000   0.0000
   3.200   0.4514   0.00000  -0.00508  -0.0066   0.0000   0.0000
   3.300   0.4656   0.00000  -0.00519  -0.0068   0.0000   0.0000
   3.400   0.4798   0.00000  -0.00531  -0.0070   0.0000   0.0000
   3.500   0.4941   0.00000  -0.00544  -0.0071   0.0000   0.0000
   3.600   0.5083   0.00000  -0.00557  -0.0073   0.0000   0.0000
   3.700   0.5226   0.00000  -0.00570  -0.0075   0.0000   0.0000
   3.800   0.5368   0.00000  -0.00585  -0.0077   0.0000   0.0000
   3.900   0.5511   0.00000  -0.00599  -0.0078   0.0000   0.0000
   4.000   0.5654   0.00000  -0.00615  -0.0080   0.0000   0.0000
   4.100   0.5797   0.00000  -0.00631  -0.0082   0.0000   0.0000
   4.200   0.5940   0.00000  -0.00647  -0.0083   0.0000   0.0000
   4.300   0.6084   0.00000  -0.00665  -0.0085   0.0000   0.0000
   4.400   0.6227   0.00000  -0.00683  -0.0086   0.0000   0.0000
   4.500   0.6371   0.00000  -0.00702  -0.0088   0.0000   0.0000
   4.600   0.6514   0.00000  -0.00721  -0.0090   0.0000   0.0000
   4.700   0.6658   0.00000  -0.00741  -0.0091   0.0000   0.0000
   4.800   0.6802   0.00000  -0.00762  -0.0092   0.0000   0.0000
   4.900   0.6947   0.00000  -0.00784  -0.0094   0.0000   0.0000
   5.000   0.7091   0.00000  -0.00807  -0.0095   0.0000   0.0000
   5.100   0.7235   0.00000  -0.00830  -0.0097   0.0000   0.0000
   5.200   0.7380   0.00000  -0.00854  -0.0098   0.0000   0.0000
   5.300   0.7525   0.00000  -0.00880  -0.0099   0.0000   0.0000
   5.400   0.7670   0.00000  -0.00906  -0.0101   0.0000   0.0000
   5.500   0.7815   0.00000  -0.00933  -0.0102   0.0000   0.0000
   5.600   0.7961   0.00000  -0.00961  -0.0103   0.0000   0.0000
   5.700   0.8106   0.00000  -0.00990  -0.0104   0.0000   0.0000
   5.800   0.8252   0.00000  -0.01020  -0.0105   0.0000   0.0000
   5.900   0.8398   0.00000  -0.01051  -0.0106   0.0000   0.0000
   6.000   0.8544   0.00000  -0.01083  -0.0107   0.0000   0.0000
   6.100   0.8691   0.00000  -0.01117  -0.0108   0.0000   0.0000
   6.200   0.8837   0.00000  -0.01151  -0.0109   0.0000   0.0000
   6.300   0.8984   0.00000  -0.01187  -0.0110   0.0000   0.0000
   6.400   0.9131   0.00000  -0.01224  -0.0111   0.0000   0.0000
   6.500   0.9279   0.00000  -0.01262  -0.0112   0.0000   0.0000
   6.600   0.9426   0.00000  -0.01302  -0.0113   0.0000   0.0000
   6.700   0.9574   0.00000  -0.01343  -0.0114   0.0000   0.0000
   6.800   0.9722   0.00000  -0.01385  -0.0114   0.0000   0.0000
   6.900   0.9870   0.00000  -0.01428  -0.0115   0.0000   0.0000
   7.000   1.0019   0.00000  -0.01474  -0.0116   0.0000   0.0000
   7.100   1.0168   0.00000  -0.01520  -0.0116   0.0000   0.0000
   7.200   1.0317   0.00000  -0.01568  -0.0117   0.0000   0.0000
   7.300   1.0466   0.00000  -0.01618  -0.0117   0.0000   0.0000
   7.400   1.0615   0.00000  -0.01669  -0.0118   0.0000   0.0000
   7.500   1.0765   0.00000  -0.01722  -0.0118   0.0000   0.0000
   7.600   1.0915   0.00000  -0.01776  -0.0118   0.0000   0.0000
   7.700   1.1066   0.00000  -0.01833  -0.0119   0.0000   0.0000
   7.800   1.1217   0.00000  -0.01891  -0.0119   0.0000   0.0000
   7.900   1.1368   0.00000  -0.01950  -0.0119   0.0000   0.0000
   8.000   1.1519   0.00000  -0.02012  -0.0119   0.0000   0.0000
   8.100   1.1671   0.00000  -0.02076  -0.0119   0.0000   0.0000
   8.200   1.1823   0.00000  -0.02142  -0.0119   0.0000   0.0000
   8.300   1.1975   0.00000  -0.02209  -0.0119   0.0000   0.0000
   8.400   1.2128   0.00000  -0.02279  -0.0119   0.0000   0.0000
   8.500   1.2281   0.00000  -0.02351  -0.0119   0.0000   0.0000
   8.600   1.2434   0.00000  -0.02425  -0.0118   0.0000   0.0000
   8.700   1.2588   0.00000  -0.02501  -0.0118   0.0000   0.0000
   8.800   1.2742   0.00000  -0.02580  -0.0118   0.0000   0.0000
   8.900   1.2897   0.00000  -0.02661  -0.0117   0.0000   0.0000
   9.000   1.3052   0.00000  -0.02745  -0.0117   0.0000   0.0000
   9.100   1.3207   0.00000  -0.02831  -0.0116   0.0000   0.0000
   9.200   1.3363   0.00000  -0.02919  -0.0115   0.0000   0.0000
   9.300   1.3519   0.00000  -0.03010  -0.0115   0.0000   0.0000
   9.400   1.3675   0.00000  -0.03104  -0.0114   0.0000   0.0000
   9.500   1.3832   0.00000  -0.03200  -0.0113   0.0000   0.0000
   9.600   1.3990   0.00000  -0.03300  -0.0112   0.0000   0.0000
   9.700   1.4148   0.00000  -0.03402  -0.0111   0.0000   0.0000
   9.800   1.4306   0.00000  -0.03507  -0.0110   0.0000   0.0000
   9.900   1.4465   0.00000  -0.03616  -0.0109   0.0000   0.0000
  10.000   1.4624   0.00000  -0.03727  -0.0107   0.0000   0.0000
  10.100   1.4783   0.00000  -0.03842  -0.0106   0.0000   0.0000
  10.200   1.4944   0.00000  -0.03959  -0.0105   0.0000   0.0000
  10.300   1.5104   0.00000  -0.04081  -0.0103   0.0000   0.0000
  10.400   1.5265   0.00000  -0.04205  -0.0102   0.0000   0.0000
  10.500   1.5427   0.00000  -0.04333  -0.0100   0.0000   0.0000
  10.600   1.5589   0.00000  -0.04465  -0.0098   0.0000   0.0000
  10.700   1.5752   0.00000  -0.04601  -0.0096   0.0000   0.0000
  10.800   1.5916   0.00000  -0.04740  -0.0095   0.0000   0.0000
  10.900   1.6079   0.00000  -0.04883  -0.0093   0.0000   0.0000
  11.000   1.6244   0.00000  -0.05031  -0.0090   0.0000   0.0000
  11.100   1.6409   0.00000  -0.05182  -0.0088   0.0000   0.0000
  11.200   1.6575   0.00000  -0.05337  -0.0086   0.0000   0.0000
  11.300   1.6741   0.00000  -0.05497  -0.0084   0.0000   0.0000
  11.400   1.6908   0.00000  -0.05661  -0.0081   0.0000   0.0000
  11.500   1.7075   0.00000  -0.05830  -0.0078   0.0000   0.0000
  11.600   1.7244   0.00000  -0.06004  -0.0076   0.0000   0.0000
  11.700   1.7413   0.00000  -0.06182  -0.0073   0.0000   0.0000
  11.800   1.7582   0.00000  -0.06365  -0.0070   0.0000   0.0000
  11.900   1.7752   0.00000  -0.06553  -0.0067   0.0000   0.0000
  12.000   1.7923   0.00000  -0.06746  -0.0064   0.0000   0.0000
  12.100   1.8095   0.00000  -0.06944  -0.0061   0.0000   0.0000
  12.200   1.8268   0.00000  -0.07148  -0.0057   0.0000   0.0000
  12.300   1.8441   0.00000  -0.07357  -0.0054   0.0000   0.0000
  12.400   1.8615   0.00000  -0.07572  -0.0050   0.0000   0.0000
  12.500   1.8789   0.00000  -0.07793  -0.0047   0.0000   0.0000
  12.600   1.8965   0.00000  -0.08019  -0.0043   0.0000   0.0000
  12.700   1.9141   0.00000  -0.08252  -0.0039   0.0000   0.0000
  12.800   1.9319   0.00000  -0.08491  -0.0035   0.0000   0.0000
  12.900   1.9497   0.00000  -0.08737  -0.0031   0.0000   0.0000
  13.000   1.9676   0.00000  -0.08989  -0.0027   0.0000   0.0000
  13.100   1.9856   0.00000  -0.09247  -0.0022   0.0000   0.0000
  13.200   2.0036   0.00000  -0.09513  -0.0018   0.0000   0.0000
  13.300   2.0218   0.00000  -0.09786  -0.0013   0.0000   0.0000
  13.400   2.0401   0.00000  -0.10066  -0.0008   0.0000   0.0000
  13.500   2.0585   0.00000  -0.10354  -0.0003   0.0000   0.0000
  13.600   2.0769   0.00000  -0.10649   0.0002   0.0000   0.0000
  13.700   2.0955   0.00000  -0.10952   0.0007   0.0000   0.0000
  13.800   2.1142   0.00000  -0.11263   0.0013   0.0000   0.0000
  13.900   2.1330   0.00000  -0.11583   0.0018   0.0000   0.0000
  14.000   2.1519   0.00000  -0.11911   0.0024   0.0000   0.0000
  14.100   2.1709   0.00000  -0.12247   0.0030   0.0000   0.0000
  14.200   2.1900   0.00000  -0.12593   0.0036   0.0000   0.0000
  14.300   2.2093   0.00000  -0.12948   0.0042   0.0000   0.0000
  14.400   2.2286   0.00000  -0.13312   0.0049   0.0000   0.0000
  14.500   2.2481   0.00000  -0.13687   0.0055   0.0000   0.0000
  14.600   2.2678   0.00000  -0.14071   0.0062   0.0000   0.0000
  14.700   2.2875   0.00000  -0.14465   0.0069   0.0000   0.0000
  14.800   2.3074   0.00000  -0.14870   0.0076   0.0000   0.0000
  14.900   2.3274   0.00000  -0.15286   0.0083   0.0000   0.0000
  15.000   2.3476   0.00000  -0.15713   0.0090   0.0000   0.0000
  15.100   2.3679   0.00000  -0.16151   0.0098   0.0000   0.0000
  15.200   2.3883   0.00000  -0.16601   0.0106   0.0000   0.0000
  15.300   2.4089   0.00000  -0.17063   0.0114   0.0000   0.0000
  15.400   2.4297   0.00000  -0.17538   0.0122   0.0000   0.0000
  15.500   2.4506   0.00000  -0.18025   0.0131   0.0000   0.0000
  15.600   2.4717   0.00000  -0.18526   0.0139   0.0000   0.0000
  15.700   2.4929   0.00000  -0.19040   0.0148   0.0000   0.0000
  15.800   2.5144   0.00000  -0.19568   0.0157   0.0000   0.0000
  15.900   2.5360   0.00000  -0.20111   0.0166   0.0000   0.0000
  16.000   2.5577   0.00000  -0.20668   0.0176   0.0000   0.0000
  16.100   2.5797   0.00000  -0.21240   0.0186   0.0000   0.0000
  16.200   2.6019   0.00000  -0.21828   0.0196   0.0000   0.0000
  16.300   2.6242   0.00000  -0.22433   0.0206   0.0000   0.0000
  16.400   2.6468   0.00000  -0.23054   0.0217   0.0000   0.0000
  16.500   2.6695   0.00000  -0.23692   0.0227   0.0000   0.0000
  16.600   2.6925   0.00000  -0.24347   0.0238   0.0000   0.0000
  16.700   2.7157   0.00000  -0.25021   0.0250   0.0000   0.0000
  16.800   2.7391   0.00000  -0.25714   0.0261   0.0000   0.0000
  16.900   2.7628   0.00000  -0.26426   0.0273   0.0000   0.0000
  17.000   2.7867   0.00000  -0.27159   0.0285   0.0000   0.0000
  17.100   2.8108   0.00000  -0.27912   0.0298   0.0000   0.0000
  17.200   2.8352   0.00000  -0.28686   0.0311   0.0000   0.0000
  17.300   2.8599   0.00000  -0.29482   0.0324   0.0000   0.0000
  17.400   2.8848   0.00000  -0.30301   0.0337   0.0000   0.0000
  17.500   2.9100   0.00000  -0.31144   0.0351   0.0000   0.0000
  17.600   2.9355   0.00000  -0.32011   0.0365   0.0000   0.0000
  17.700   2.9613   0.00000  -0.32903   0.0379   0.0000   0.0000
  17.800   2.9874   0.00000  -0.33822   0.0394   0.0000   0.0000
  17.900   3.0138   0.00000  -0.34767   0.0409   0.0000   0.0000
  18.000   3.0405   0.00000  -0.35740   0.0425   0.0000   0.0000
  18.100   3.0676   0.00000  -0.36742   0.0441   0.0000   0.0000
  18.200   3.0950   0.00000  -0.37774   0.0457   0.0000   0.0000
  18.300   3.1227   0.00000  -0.38837   0.0474   0.0000   0.0000
  18.400   3.1509   0.00000  -0.39933   0.0491   0.0000   0.0000
  18.500   3.1794   0.00000  -0.41061   0.0509   0.0000   0.0000
  18.600   3.2083   0.00000  -0.42225   0.0527   0.0000   0.0000
  18.700   3.2377   0.00000  -0.43424   0.0546   0.0000   0.0000
  18.800   3.2674   0.00000  -0.44661   0.0565   0.0000   0.0000
  18.900   3.2976   0.00000  -0.45937   0.0584   0.0000   0.0000
  19.000   3.3283   0.00000  -0.47253   0.0604   0.0000   0.0000
  19.100   3.3594   0.00000  -0.48611   0.0625   0.0000   0.0000
  19.200   3.3911   0.00000  -0.50013   0.0646   0.0000   0.0000
  19.300   3.4232   0.00000  -0.51461   0.0668   0.0000   0.0000
  19.400   3.4559   0.00000  -0.52956   0.0690   0.0000   0.0000
  19.500   3.4892   0.00000  -0.54501   0.0713   0.0000   0.0000
  19.600   3.5230   0.00000  -0.56098   0.0737   0.0000   0.0000
  19.700   3.5574   0.00000  -0.57748   0.0761   0.0000   0.0000
  19.800   3.5925   0.00000  -0.59455   0.0786   0.0000   0.0000
  19.900   3.6282   0.00000  -0.61221   0.0812   0.0000   0.0000
  20.000   3.6645   0.00000  -0.63049   0.0838   0.0000   0.0000
  20.100   3.7016   0.00000  -0.64942   0.0866   0.0000   0.0000
  20.200   3.7395   0.00000  -0.66902   0.0894   0.0000   0.0000
  20.300   3.7781   0.00000  -0.68933   0.0922   0.0000   0.0000
  20.400   3.8176   0.00000  -0.71039   0.0952   0.0000   0.0000
  20.500   3.8579   0.00000  -0.73223   0.0983   0.0000   0.0000
  20.600   3.8991   0.00000  -0.75490   0.1015   0.0000   0.0000
  20.700   3.9412   0.00000  -0.77843   0.1047   0.0000   0.0000
  20.800   3.9843   0.00000  -0.80288   0.1081   0.0000   0.0000
  20.900   4.0285   0.00000  -0.82829   0.1116   0.0000   0.0000
  21.000   4.0738   0.00000  -0.85472   0.1152   0.0000   0.0000
  21.100   4.1202   0.00000  -0.88223   0.1189   0.0000   0.0000
  21.200   4.1678   0.00000  -0.91087   0.1227   0.0000   0.0000
  21.300   4.2168   0.00000  -0.94072   0.1267   0.0000   0.0000
  21.400   4.2670   0.00000  -0.97185   0.1309   0.0000   0.0000
  21.500   4.3188   0.00000  -1.00433   0.1351   0.0000   0.0000
  21.600   4.3720   0.00000  -1.03827   0.1396   0.0000   0.0000
  21.700   4.4269   0.00000  -1.07374   0.1442   0.0000   0.0000
  21.800   4.4836   0.00000  -1.11086   0.1490   0.0000   0.0000
  21.900   4.5420   0.00000  -1.14973   0.1540   0.0000   0.0000
  22.000   4.6025   0.00000  -1.19049   0.1592   0.0000   0.0000
  22.100   4.6650   0.00000  -1.23326   0.1646   0.0000   0.0000
  22.200   4.7299   0.00000  -1.27821   0.1702   0.0000   0.0000
  22.300   4.7971   0.00000  -1.32549   0.1761   0.0000   0.0000
  22.400   4.8670   0.00000  -1.37529   0.1822   0.0000   0.0000
  22.500   4.9396   0.00000  -1.42783   0.1887   0.0000   0.0000
  22.600   5.0154   0.00000  -1.48333   0.1954   0.0000   0.0000
  22.700   5.0944   0.00000  -1.54205   0.2025   0.0000   0.0000
  22.800   5.1770   0.00000  -1.60428   0.2100   0.0000   0.0000
  22.900   5.2636   0.00000  -1.67036   0.2179   0.0000   0.0000
  23.000   5.3545   0.00000  -1.74066   0.2262   0.0000   0.0000
  23.100   5.4501   0.00000  -1.81562   0.2349   0.0000   0.0000
  23.200   5.5508   0.00000  -1.89572   0.2442   0.0000   0.0000
  23.300   5.6574   0.00000  -1.98154   0.2541   0.0000   0.0000
  23.400   5.7704   0.00000  -2.07374   0.2647   0.0000   0.0000
  23.500   5.8905   0.00000  -2.17309   0.2759   0.0000   0.0000
  23.600   6.0188   0.00000  -2.28050   0.2880   0.0000   0.0000
  23.700   6.1561   0.00000  -2.39707   0.3010   0.0000   0.0000
  23.800   6.3039   0.00000  -2.52409   0.3150   0.0000   0.0000
  23.900   6.4635   0.00000  -2.66315   0.3302   0.0000   0.0000
  24.000   6.6370   0.00000  -2.81615   0.3468   0.0000   0.0000
  24.100   6.8266   0.00000  -2.98551   0.3650   0.0000   0.0000
  24.200   7.0352   0.00000  -3.17423   0.3852   0.0000   0.0000
  24.300   7.2665   0.00000  -3.38615   0.4075   0.0000   0.0000
  24.400   7.5254   0.00000  -3.62629   0.4327   0.0000   0.0000
  24.500   7.8183   0.00000  -3.90133   0.4612   0.0000   0.0000
  24.600   8.1539   0.00000  -4.22039   0.4939   0.0000   0.0000
  24.700   8.5446   0.00000  -4.59634   0.5322   0.0000   0.0000
  24.800   9.0084   0.00000  -5.04802   0.5777   0.0000   0.0000
  24.900   9.5730   0.00000  -5.60437   0.6332   0.0000   0.0000
  25.000  10.2835   0.00000  -6.31276   0.7031   0.0000   0.0000
  25.100  11.2198   0.00000  -7.25720   0.7955   0.0000   0.0000
  25.200  12.5417   0.00000  -8.60588   0.9259   0.0000   0.0000
  25.300  14.6323   0.00000 -10.76328   1.1324   0.0000   0.0000
  25.400  18.7794   0.00000 -15.09408   1.5418   0.0000   0.0000
  25.500  36.2700   0.00000 -33.74272   3.2501   0.0000   0.0000
  25.600 -13.8570   0.00000  17.05316  -1.9244   0.0000   0.0000
  25.700 -73.0471   0.00000 104.57767  -5.3439   0.0000   0.0000
  25.800-138.9153   0.00000 117.13244 -17.1512   0.0000   0.0000
  25.900   0.5386   0.00000   2.24980  -0.4703   0.0000   0.0000
  26.000  19.3187   0.00000 -22.44181   0.8681   0.0000   0.0000
  26.100   4.3435   0.00000   5.19590   0.5617   0.0000   0.0000
  26.200  79.1978   0.00000 -49.07882  10.0649   0.0000   0.0000
  26.300  -4.8018   0.00000   6.40140  -1.1249   0.0000   0.0000
  26.400   3.1080   0.00000  -1.09647  -0.2991   0.0000   0.0000
  26.500  24.3628   0.00000 -36.50146   0.4096   0.0000   0.0000
  26.600   2.0332   0.00000   7.32893   0.3096   0.0000   0.0000
  26.700   9.8172   0.00000  -0.50376   1.0621   0.0000   0.0000
  26.800 140.3410   0.00000 -76.00716  19.1118   0.0000   0.0000
  26.900  -5.8509   0.00000   5.46477  -1.4145   0.0000   0.0000
  27.000   1.9552   0.00000  -1.86361  -0.6204   0.0000   0.0000
  27.100-286.5531   0.00000 625.97430   5.8542   0.0000   0.0000
  27.200   0.4155   0.00000   8.19777   0.0807   0.0000   0.0000
  27.300   3.9357   0.00000   3.54690   0.2972   0.0000   0.0000
  27.400   7.4138   0.00000   0.56678   0.6688   0.0000   0.0000
  27.500  15.7601   0.00000  -4.41560   1.7758   0.0000   0.0000
  27.600 -57.4909   0.00000  28.37054  -9.0571   0.0000   0.0000
  27.700  -3.5447   0.00000   0.07836  -1.5067   0.0000   0.0000
  27.800 152.3141   0.00000-397.24899 -12.0619   0.0000   0.0000
  27.900  -1.7987   0.00000  10.27853  -0.1279   0.0000   0.0000
  28.000   1.1508   0.00000   5.70965  -0.0292   0.0000   0.0000
  28.100   3.0353   0.00000   3.61952   0.1161   0.0000   0.0000
  28.200   4.8887   0.00000   2.01606   0.3033   0.0000   0.0000
  28.300   7.4101   0.00000   0.26787   0.6011   0.0000   0.0000
  28.400  12.7265   0.00000  -2.65349   1.3074   0.0000   0.0000
  28.500  58.1467   0.00000 -21.15913   8.0228   0.0000   0.0000
  28.600 -10.6868   0.00000   0.45607  -2.8348   0.0000   0.0000
  28.700 -24.0415   0.00000  70.90498   2.0382   0.0000   0.0000
  28.800  -2.7959   0.00000  10.46264  -0.2796   0.0000   0.0000
  28.900  -0.1122   0.00000   6.46434  -0.1921   0.0000   0.0000
  29.000   1.5122   0.00000   4.66111  -0.0762   0.0000   0.0000
  29.100   2.8432   0.00000   3.44262   0.0445   0.0000   0.0000
  29.200   4.1757   0.00000   2.39912   0.1825   0.0000   0.0000
  29.300   5.7869   0.00000   1.30835   0.3665   0.0000   0.0000
  29.400   8.2316   0.00000  -0.11009   0.6701   0.0000   0.0000
  29.500  13.5760   0.00000  -2.65922   1.3932   0.0000   0.0000
  29.600  50.1475   0.00000 -15.18403   6.8803   0.0000   0.0000
  29.700 -14.6698   0.00000  -3.75718  -4.0209   0.0000   0.0000
  29.800 -10.4679   0.00000  26.66717   0.0767   0.0000   0.0000
  29.900  -3.1824   0.00000   9.73971  -0.4036   0.0000   0.0000
  30.000  -0.7598   0.00000   6.60301  -0.2940   0.0000   0.0000
  30.100   0.7421   0.00000   5.08697  -0.1810   0.0000   0.0000
  30.200   1.9066   0.00000   4.08628  -0.0757   0.0000   0.0000
  30.300   2.9590   0.00000   3.29153   0.0303   0.0000   0.0000
  30.400   4.0448   0.00000   2.56289   0.1486   0.0000   0.0000
  30.500   5.3255   0.00000   1.79890   0.2977   0.0000   0.0000
  30.600   7.0935   0.00000   0.87116   0.5171   0.0000   0.0000
  30.700  10.1428   0.00000  -0.49443   0.9214   0.0000   0.0000
  30.800  18.1708   0.00000  -3.33017   2.0719   0.0000   0.0000
  30.900 303.1323   0.00000 -65.75432  47.2592   0.0000   0.0000
  31.000 -10.8796   0.00000 -13.24339  -4.3775   0.0000   0.0000
  31.100  -7.9864   0.00000  19.53788  -0.1434   0.0000   0.0000
  31.200  -3.1103   0.00000   9.21988  -0.4179   0.0000   0.0000
  31.300  -0.9884   0.00000   6.61667  -0.3257   0.0000   0.0000
  31.400   0.3819   0.00000   5.31016  -0.2250   0.0000   0.0000
  31.500   1.4396   0.00000   4.45682  -0.1309   0.0000   0.0000
  31.600   2.3650   0.00000   3.80433  -0.0390   0.0000   0.0000
  31.700   3.2645   0.00000   3.24319   0.0578   0.0000   0.0000
  31.800   4.2307   0.00000   2.70876   0.1688   0.0000   0.0000
  31.900   5.3845   0.00000   2.14607   0.3093   0.0000   0.0000
  32.000   6.9471   0.00000   1.48418   0.5106   0.0000   0.0000
  32.100   9.4632   0.00000   0.58813   0.8543   0.0000   0.0000
  32.200  14.9022   0.00000  -0.93049   1.6466   0.0000   0.0000
  32.300  41.3752   0.00000  -5.83025   5.7984   0.0000   0.0000
  32.400 -32.6374   0.00000   0.79641  -6.6456   0.0000   0.0000
  32.500  -5.0593   0.00000 -30.39659  -5.3936   0.0000   0.0000
  32.600  -5.9130   0.00000  16.43287  -0.0327   0.0000   0.0000
  32.700  -2.6121   0.00000   8.83268  -0.3401   0.0000   0.0000
  32.800  -0.8909   0.00000   6.59753  -0.2981   0.0000   0.0000
  32.900   0.2967   0.00000   5.45063  -0.2237   0.0000   0.0000
  33.000   1.2388   0.00000   4.70726  -0.1459   0.0000   0.0000
  33.100   2.0656   0.00000   4.15268  -0.0670   0.0000   0.0000
  33.200   2.8555   0.00000   3.69450   0.0160   0.0000   0.0000
  33.300   3.6721   0.00000   3.28264   0.1085   0.0000   0.0000
  33.400   4.5865   0.00000   2.88260   0.2188   0.0000   0.0000
  33.500   5.7055   0.00000   2.46254   0.3616   0.0000   0.0000
  33.600   7.2301   0.00000   1.98195   0.5667   0.0000   0.0000
  33.700   9.6401   0.00000   1.37063   0.9088   0.0000   0.0000
  33.800  14.5055   0.00000   0.45935   1.6390   0.0000   0.0000
  33.900  32.0175   0.00000  -1.52926   4.4269   0.0000   0.0000
  34.000 -74.8973   0.00000   3.06111 -13.5272   0.0000   0.0000
  34.100 -13.4081   0.00000  -5.75354  -3.9622   0.0000   0.0000
  34.200 -78.0719   0.00000 892.55457  95.2695   0.0000   0.0000
  34.300  -4.2599   0.00000  13.39532  -0.0267   0.0000   0.0000
  34.400  -2.0741   0.00000   8.28922  -0.2777   0.0000   0.0000
  34.500  -0.7167   0.00000   6.47817  -0.2674   0.0000   0.0000
  34.600   0.2914   0.00000   5.50553  -0.2148   0.0000   0.0000
  34.700   1.1219   0.00000   4.86997  -0.1519   0.0000   0.0000
  34.800   1.8622   0.00000   4.40100  -0.0845   0.0000   0.0000
  34.900   2.5681   0.00000   4.02326  -0.0123   0.0000   0.0000
  35.000   3.2849   0.00000   3.69688   0.0674   0.0000   0.0000
  35.100   4.0596   0.00000   3.39708   0.1597   0.0000   0.0000
  35.200   4.9545   0.00000   3.10553   0.2725   0.0000   0.0000
  35.300   6.0693   0.00000   2.80566   0.4206   0.0000   0.0000
  35.400   7.5945   0.00000   2.47897   0.6334   0.0000   0.0000
  35.500   9.9694   0.00000   2.10114   0.9811   0.0000   0.0000
  35.600  14.5220   0.00000   1.63878   1.6810   0.0000   0.0000
  35.700  28.1535   0.00000   1.08522   3.8838   0.0000   0.0000
  35.800-489.6438   0.00000  -7.67111 -83.6342   0.0000   0.0000
  35.900 -20.9447   0.00000  -3.51116  -4.9001   0.0000   0.0000
  36.000  -8.7704   0.00000 -14.12378  -4.2331   0.0000   0.0000
  36.100  -6.5632   0.00000  32.46647   2.1185   0.0000   0.0000
  36.200  -3.4312   0.00000  11.14463  -0.0992   0.0000   0.0000
  36.300  -1.8437   0.00000   7.73918  -0.2735   0.0000   0.0000
  36.400  -0.7283   0.00000   6.31180  -0.2727   0.0000   0.0000
  36.500   0.1470   0.00000   5.50339  -0.2326   0.0000   0.0000
  36.600   0.8879   0.00000   4.96643  -0.1805   0.0000   0.0000
  36.700   1.5542   0.00000   4.57121  -0.1228   0.0000   0.0000
  36.800   2.1861   0.00000   4.25773  -0.0609   0.0000   0.0000
  36.900   2.8157   0.00000   3.99398   0.0066   0.0000   0.0000
  37.000   3.4740   0.00000   3.76081   0.0822   0.0000   0.0000
  37.100   4.1973   0.00000   3.54547   0.1700   0.0000   0.0000
  37.200   5.0359   0.00000   3.33868   0.2770   0.0000   0.0000
  37.300   6.0696   0.00000   3.13323   0.4150   0.0000   0.0000
  37.400   7.4429   0.00000   2.92411   0.6064   0.0000   0.0000
  37.500   9.4594   0.00000   2.71210   0.8998   0.0000   0.0000
  37.600  12.8968   0.00000   2.52240   1.4225   0.0000   0.0000
  37.700  20.5635   0.00000   2.52093   2.6447   0.0000   0.0000
  37.800  56.5553   0.00000   4.67721   8.6731   0.0000   0.0000
  37.900 -58.7437   0.00000  -7.77714 -11.3850   0.0000   0.0000
  38.000 -17.1615   0.00000 -10.05489  -5.0604   0.0000   0.0000
  38.100  12.5502   0.00000**********-243.4819   0.0000   0.0000
  38.200  -5.8025   0.00000  14.81061   0.0858   0.0000   0.0000
  38.300  -3.6760   0.00000   8.86682  -0.3739   0.0000   0.0000
  38.400  -2.2680   0.00000   6.90677  -0.4138   0.0000   0.0000
  38.500  -1.2261   0.00000   5.92025  -0.3816   0.0000   0.0000
  38.600  -0.3944   0.00000   5.31546  -0.3320   0.0000   0.0000
  38.700   0.3098   0.00000   4.89777  -0.2778   0.0000   0.0000
  38.800   0.9361   0.00000   4.58452  -0.2223   0.0000   0.0000
  38.900   1.5177   0.00000   4.33450  -0.1657   0.0000   0.0000
  39.000   2.0797   0.00000   4.12463  -0.1073   0.0000   0.0000
  39.100   2.6437   0.00000   3.94069  -0.0455   0.0000   0.0000
  39.200   3.2314   0.00000   3.77313   0.0217   0.0000   0.0000
  39.300   3.8677   0.00000   3.61492   0.0972   0.0000   0.0000
  39.400   4.5854   0.00000   3.46035   0.1851   0.0000   0.0000
  39.500   5.4325   0.00000   3.30437   0.2921   0.0000   0.0000
  39.600   6.4870   0.00000   3.14234   0.4294   0.0000   0.0000
  39.700   7.8885   0.00000   2.97060   0.6174   0.0000   0.0000
  39.800   9.9213   0.00000   2.79042   0.8994   0.0000   0.0000
  39.900  13.2730   0.00000   2.62710   1.3826   0.0000   0.0000
  40.000  20.1626   0.00000   2.64818   2.4256   0.0000   0.0000
