0.000000 0.000000
0.000252 0.003743
0.001007 0.007434
0.002264 0.011072
0.004023 0.014654
0.006281 0.018179
0.009036 0.021644
0.012285 0.025046
0.016026 0.028382
0.020254 0.031648
0.024964 0.034840
0.030154 0.037956
0.035816 0.040990
0.041946 0.043939
0.048537 0.046799
0.055582 0.049564
0.063075 0.052231
0.071008 0.054796
0.079373 0.057255
0.088162 0.059603
0.097365 0.061836
0.106973 0.063951
0.116978 0.065945
0.127368 0.067814
0.138133 0.069556
0.149263 0.071168
0.160745 0.072648
0.172570 0.073995
0.184724 0.075206
0.197195 0.076281
0.209972 0.077219
0.223040 0.078021
0.236387 0.078687
0.250000 0.079217
0.263864 0.079612
0.277967 0.079874
0.292292 0.080006
0.306827 0.080008
0.321557 0.079885
0.336466 0.079639
0.351540 0.079272
0.366763 0.078790
0.382121 0.078195
0.397597 0.077492
0.413176 0.076684
0.428843 0.075777
0.444581 0.074775
0.460375 0.073683
0.476209 0.072504
0.492067 0.071245
0.507933 0.069910
0.523791 0.068504
0.539625 0.067032
0.555419 0.065499
0.571157 0.063910
0.586824 0.062269
0.602403 0.060581
0.617879 0.058851
0.633237 0.057084
0.648460 0.055285
0.663534 0.053457
0.678443 0.051605
0.693173 0.049733
0.707708 0.047847
0.722033 0.045949
0.736136 0.044045
0.750000 0.042137
0.763613 0.040231
0.776960 0.038330
0.790028 0.036439
0.802805 0.034560
0.815276 0.032698
0.827430 0.030857
0.839255 0.029040
0.850737 0.027252
0.861867 0.025496
0.872632 0.023775
0.883022 0.022094
0.893027 0.020456
0.902635 0.018865
0.911838 0.017324
0.920627 0.015837
0.928992 0.014407
0.936925 0.013038
0.944418 0.011734
0.951463 0.010496
0.958054 0.009329
0.964184 0.008235
0.969846 0.007218
0.975036 0.006279
0.979746 0.005422
0.983974 0.004649
0.987715 0.003961
0.990964 0.003361
0.993719 0.002850
0.995977 0.002431
0.997736 0.002103
0.998993 0.001868
0.999748 0.001727
1.000000 0.001680
1.000000 -0.001680
0.999748 -0.001727
0.998993 -0.001868
0.997736 -0.002103
0.995977 -0.002431
0.993719 -0.002850
0.990964 -0.003361
0.987715 -0.003961
0.983974 -0.004649
0.979746 -0.005422
0.975036 -0.006279
0.969846 -0.007218
0.964184 -0.008235
0.958054 -0.009329
0.951463 -0.010496
0.944418 -0.011734
0.936925 -0.013038
0.928992 -0.014407
0.920627 -0.015837
0.911838 -0.017324
0.902635 -0.018865
0.893027 -0.020456
0.883022 -0.022094
0.872632 -0.023775
0.861867 -0.025496
0.850737 -0.027252
0.839255 -0.029040
0.827430 -0.030857
0.815276 -0.032698
0.802805 -0.034560
0.790028 -0.036439
0.776960 -0.038330
0.763613 -0.040231
0.750000 -0.042137
0.736136 -0.044045
0.722033 -0.045949
0.707708 -0.047847
0.693173 -0.049733
0.678443 -0.051605
0.663534 -0.053457
0.648460 -0.055285
0.633237 -0.057084
0.617879 -0.058851
0.602403 -0.060581
0.586824 -0.062269
0.571157 -0.063910
0.555419 -0.065499
0.539625 -0.067032
0.523791 -0.068504
0.507933 -0.069910
0.492067 -0.071245
0.476209 -0.072504
0.460375 -0.073683
0.444581 -0.074775
0.428843 -0.075777
0.413176 -0.076684
0.397597 -0.077492
0.382121 -0.078195
0.366763 -0.078790
0.351540 -0.079272
0.336466 -0.079639
0.321557 -0.079885
0.306827 -0.080008
0.292292 -0.080006
0.277967 -0.079874
0.263864 -0.079612
0.250000 -0.079217
0.236387 -0.078687
0.223040 -0.078021
0.209972 -0.077219
0.197195 -0.076281
0.184724 -0.075206
0.172570 -0.073995
0.160745 -0.072648
0.149263 -0.071168
0.138133 -0.069556
0.127368 -0.067814
0.116978 -0.065945
0.106973 -0.063951
0.097365 -0.061836
0.088162 -0.059603
0.079373 -0.057255
0.071008 -0.054796
0.063075 -0.052231
0.055582 -0.049564
0.048537 -0.046799
0.041946 -0.043939
0.035816 -0.040990
0.030154 -0.037956
0.024964 -0.034840
0.020254 -0.031648
0.016026 -0.028382
0.012285 -0.025046
0.009036 -0.021644
0.006281 -0.018179
0.004023 -0.014654
0.002264 -0.011072
0.001007 -0.007434
0.000252 -0.003743
0.000000 -0.000000