0.000000 0.000000
0.000252 0.002807
0.001007 0.005576
0.002264 0.008304
0.004023 0.010991
0.006281 0.013634
0.009036 0.016233
0.012285 0.018784
0.016026 0.021286
0.020254 0.023736
0.024964 0.026130
0.030154 0.028467
0.035816 0.030743
0.041946 0.032954
0.048537 0.035099
0.055582 0.037173
0.063075 0.039174
0.071008 0.041097
0.079373 0.042941
0.088162 0.044702
0.097365 0.046377
0.106973 0.047963
0.116978 0.049459
0.127368 0.050861
0.138133 0.052167
0.149263 0.053376
0.160745 0.054486
0.172570 0.055496
0.184724 0.056404
0.197195 0.057211
0.209972 0.057915
0.223040 0.058516
0.236387 0.059015
0.250000 0.059412
0.263864 0.059709
0.277967 0.059906
0.292292 0.060004
0.306827 0.060006
0.321557 0.059914
0.336466 0.059729
0.351540 0.059454
0.366763 0.059092
0.382121 0.058646
0.397597 0.058119
0.413176 0.057513
0.428843 0.056833
0.444581 0.056081
0.460375 0.055262
0.476209 0.054378
0.492067 0.053434
0.507933 0.052433
0.523791 0.051378
0.539625 0.050274
0.555419 0.049124
0.571157 0.047932
0.586824 0.046702
0.602403 0.045436
0.617879 0.044139
0.633237 0.042813
0.648460 0.041463
0.663534 0.040092
0.678443 0.038704
0.693173 0.037300
0.707708 0.035885
0.722033 0.034462
0.736136 0.033034
0.750000 0.031603
0.763613 0.030174
0.776960 0.028748
0.790028 0.027329
0.802805 0.025920
0.815276 0.024524
0.827430 0.023143
0.839255 0.021780
0.850737 0.020439
0.861867 0.019122
0.872632 0.017831
0.883022 0.016570
0.893027 0.015342
0.902635 0.014149
0.911838 0.012993
0.920627 0.011878
0.928992 0.010805
0.936925 0.009779
0.944418 0.008800
0.951463 0.007872
0.958054 0.006997
0.964184 0.006177
0.969846 0.005414
0.975036 0.004710
0.979746 0.004067
0.983974 0.003486
0.987715 0.002971
0.990964 0.002521
0.993719 0.002138
0.995977 0.001823
0.997736 0.001577
0.998993 0.001401
0.999748 0.001295
1.000000 0.001260
1.000000 -0.001260
0.999748 -0.001295
0.998993 -0.001401
0.997736 -0.001577
0.995977 -0.001823
0.993719 -0.002138
0.990964 -0.002521
0.987715 -0.002971
0.983974 -0.003486
0.979746 -0.004067
0.975036 -0.004710
0.969846 -0.005414
0.964184 -0.006177
0.958054 -0.006997
0.951463 -0.007872
0.944418 -0.008800
0.936925 -0.009779
0.928992 -0.010805
0.920627 -0.011878
0.911838 -0.012993
0.902635 -0.014149
0.893027 -0.015342
0.883022 -0.016570
0.872632 -0.017831
0.861867 -0.019122
0.850737 -0.020439
0.839255 -0.021780
0.827430 -0.023143
0.815276 -0.024524
0.802805 -0.025920
0.790028 -0.027329
0.776960 -0.028748
0.763613 -0.030174
0.750000 -0.031603
0.736136 -0.033034
0.722033 -0.034462
0.707708 -0.035885
0.693173 -0.037300
0.678443 -0.038704
0.663534 -0.040092
0.648460 -0.041463
0.633237 -0.042813
0.617879 -0.044139
0.602403 -0.045436
0.586824 -0.046702
0.571157 -0.047932
0.555419 -0.049124
0.539625 -0.050274
0.523791 -0.051378
0.507933 -0.052433
0.492067 -0.053434
0.476209 -0.054378
0.460375 -0.055262
0.444581 -0.056081
0.428843 -0.056833
0.413176 -0.057513
0.397597 -0.058119
0.382121 -0.058646
0.366763 -0.059092
0.351540 -0.059454
0.336466 -0.059729
0.321557 -0.059914
0.306827 -0.060006
0.292292 -0.060004
0.277967 -0.059906
0.263864 -0.059709
0.250000 -0.059412
0.236387 -0.059015
0.223040 -0.058516
0.209972 -0.057915
0.197195 -0.057211
0.184724 -0.056404
0.172570 -0.055496
0.160745 -0.054486
0.149263 -0.053376
0.138133 -0.052167
0.127368 -0.050861
0.116978 -0.049459
0.106973 -0.047963
0.097365 -0.046377
0.088162 -0.044702
0.079373 -0.042941
0.071008 -0.041097
0.063075 -0.039174
0.055582 -0.037173
0.048537 -0.035099
0.041946 -0.032954
0.035816 -0.030743
0.030154 -0.028467
0.024964 -0.026130
0.020254 -0.023736
0.016026 -0.021286
0.012285 -0.018784
0.009036 -0.016233
0.006281 -0.013634
0.004023 -0.010991
0.002264 -0.008304
0.001007 -0.005576
0.000252 -0.002807
0.000000 -0.000000