1.000083  0.001888
  0.999106  0.002139
  0.996177  0.002889
  0.991309  0.004131
  0.984519  0.005853
  0.975836  0.008038
  0.965291  0.010665
  0.952926  0.013710
  0.938790  0.017146
  0.922937  0.020943
  0.905429  0.025069
  0.886335  0.029490
  0.865729  0.034172
  0.843692  0.039079
  0.820309  0.044175
  0.795673  0.049422
  0.769880  0.054782
  0.743031  0.060218
  0.715231  0.065690
  0.686589  0.071156
  0.657217  0.076576
  0.627230  0.081906
  0.596745  0.087101
  0.565882  0.092117
  0.534761  0.096904
  0.503504  0.101417
  0.472232  0.105606
  0.441069  0.109423
  0.410134  0.112821
  0.379550  0.115755
  0.349435  0.118183
  0.319906  0.120066
  0.291080  0.121369
  0.263069  0.122065
  0.235983  0.122131
  0.209927  0.121551
  0.184402  0.120293
  0.158717  0.118029
  0.133383  0.114348
  0.108959  0.108984
  0.086012  0.101852
  0.065070  0.093060
  0.046574  0.082887
  0.030836  0.071736
  0.018029  0.060068
  0.008194  0.048339
  0.001279  0.036957
 -0.002834  0.026249
 -0.004301  0.016448
 -0.003294  0.007688
  0.000000  0.000000
  0.005267 -0.006490
  0.012186 -0.011737
  0.020547 -0.015941
  0.030137 -0.019341
  0.040749 -0.022190
  0.052195 -0.024726
  0.064337 -0.027152
  0.077120 -0.029616
  0.090602 -0.032210
  0.104971 -0.034987
  0.120528 -0.037974
  0.137649 -0.041181
  0.156736 -0.044581
  0.178174 -0.048073
  0.202287 -0.051422
  0.228190 -0.054297
  0.255177 -0.056619
  0.283140 -0.058396
  0.311969 -0.059639
  0.341548 -0.060367
  0.371760 -0.060604
  0.402484 -0.060377
  0.433598 -0.059719
  0.464977 -0.058665
  0.496496 -0.057249
  0.528029 -0.055510
  0.559451 -0.053485
  0.590636 -0.051210
  0.621460 -0.048722
  0.651800 -0.046057
  0.681536 -0.043248
  0.710548 -0.040328
  0.738723 -0.037328
  0.765947 -0.034281
  0.792112 -0.031215
  0.817115 -0.028161
  0.840855 -0.025146
  0.863239 -0.022201
  0.884178 -0.019354
  0.903588 -0.016634
  0.921391 -0.014067
  0.937517 -0.011683
  0.951901 -0.009507
  0.964486 -0.007563
  0.975221 -0.005876
  0.984064 -0.004465
  0.990978 -0.003349
  0.995937 -0.002541
  0.998921 -0.002052
  0.999917 -0.001888